[app/ui]
version = 8.2.3.2
modtime = 1640105336.787272000

[app/launcher]
version = 8.2.3.2
modtime = 1640105336.790118000
